catalogs/3HWC.ecsv
# %ECSV 1.0
# ---
# datatype:
# - {name: source_name, datatype: string, description: Source name}
# - {name: ra, unit: deg, datatype: float64, format: .3f, description: Right Ascension (J2000)}
# - {name: dec, unit: deg, datatype: float64, format: .3f, description: Declination (J2000)}
# - {name: glon, unit: deg, datatype: float64, format: .3f, description: Galactic longitude}
# - {name: glat, unit: deg, datatype: float64, format: .3f, description: Galactic latitude}
# - {name: pos_err, unit: deg, datatype: float64, format: .3f, description: Position error (1 sigma)}
# - {name: search_radius, unit: deg, datatype: float64, format: .1f, description: Search radius (see Table 2 in the paper)}
# - {name: ts, datatype: float64, format: .1f, description: Detection test statistic}
# - {name: spec0_dnde, unit: 1 / (cm2 s TeV), datatype: float64, format: .3g, description: Differential flux at 7 TeV}
# - {name: spec0_dnde_errn, unit: 1 / (cm2 s TeV), datatype: float64, format: .3g, description: Statistical negative error on spec0_dnde}
# - {name: spec0_dnde_errp, unit: 1 / (cm2 s TeV), datatype: float64, format: .3g, description: Statistical positive error on spec0_dnde}
# - {name: spec0_dnde_sys_errn, unit: 1 / (cm2 s TeV), datatype: float64, format: .3g, description: Systematic negative error on spec0_dnde}
# - {name: spec0_dnde_sys_errp, unit: 1 / (cm2 s TeV), datatype: float64, format: .3g, description: Systematic positive error on spec0_dnde}
# - {name: spec0_index, datatype: float64, format: .2f, description: Spectral index}
# - {name: spec0_index_errn, datatype: float64, format: .3f, description: Statistical negative error on spec0_index}
# - {name: spec0_index_errp, datatype: float64, format: .3f, description: Statistical positive error on spec0_index}
# - {name: spec0_index_sys_errn, datatype: float64, format: .3f, description: Systematic negative error on spec0_index}
# - {name: spec0_index_sys_errp, datatype: float64, format: .3f, description: Systematic positive error on spec0_index}
# - {name: spec0_radius, unit: deg, datatype: float64, format: .3f, description: Spectrum assumed radius}
# meta: !!omap
# - {catalog_name: 3HWC}
# - {reference: 'https://ui.adsabs.harvard.edu/abs/2020arXiv200708582A/abstract'}
# schema: astropy-2.0
source_name ra dec glon glat pos_err search_radius ts spec0_dnde spec0_dnde_errn spec0_dnde_errp spec0_dnde_sys_errn spec0_dnde_sys_errp spec0_index spec0_index_errn spec0_index_errp spec0_index_sys_errn spec0_index_sys_errp spec0_radius
"3HWC J0534+220" 83.6279 22.0243 184.54655248643084 -5.78316902993781 0.05725810686362343 0.0 35736.499681 2.34204e-13 -1.40228e-15 1.40459e-15 -3.402997237965378e-14 5.524898950351944e-14 -2.57949 -0.00465478 0.00465904 -0.018368070121817157 0.06690214196869962 0.0
"3HWC J0540+228" 85.166 22.8719 184.58335953841944 -4.128534019025944 0.1117493194053931 0.0 28.83797401 4.7558e-15 -7.59367e-16 7.22962e-16 -8.119131807650368e-16 1.1274867328709466e-15 -2.8396 -0.142449 0.1431 -0.033824130439672674 0.14373974711262028 0.0
"3HWC J0543+231" 85.7812 23.115 184.67383703425813 -3.51888872684935 0.10371238951246735 0.0 34.22881829159999 4.2138e-15 -9.33293e-16 8.71736e-16 -5.978910986124481e-16 1.8639602695068373e-15 -2.13144 -0.162878 0.148996 -0.014443029460608407 0.15678008578898003 0.0
"3HWC J0617+224" 94.3945 22.4676 189.18378884411936 3.0491674265685167 0.14179577157414483 0.0 32.32616107209999 4.50239e-15 -7.8931e-16 7.89759e-16 -7.742744326277344e-16 1.2303814744708244e-15 -3.04754 -0.109698 0.111311 -0.02309992640680947 0.05715960636673388 0.0
"3HWC J0621+382" 95.3174 38.2059 175.4442539498823 10.966142286770406 0.3006685543268377 0.5 27.9577620001 8.9463e-15 -1.51397e-15 1.44571e-15 -1.1970289967665775e-15 2.5685575624852173e-15 -2.41278 -0.129419 0.124872 -0.01364870689845784 0.08123247318652783 0.5
"3HWC J0630+186" 97.6904 18.6818 193.979055562971 4.019631841846343 0.10067860619376424 0.0 38.8819590916 5.14521e-15 -9.00608e-16 8.35303e-16 -8.487239841320613e-16 2.145520543024699e-15 -2.2131 -0.143305 0.133398 -0.022115114740827987 0.1427596809326783 0.0
"3HWC J0631+107" 97.7783 10.731 201.07907821840138 0.42732642347516486 0.08944771216746701 0.0 26.4723627169 3.99907e-15 -9.63045e-16 8.71908e-16 -6.417987233151834e-16 1.3993164479305608e-15 -2.23357 -0.192158 0.169151 -0.007647260947554654 0.1010792278363861 0.0
"3HWC J0631+169" 97.9541 16.9578 195.62946566174335 3.451365473553972 0.1722645141400539 0.0 39.090630062500004 5.87718e-15 -6.96159e-16 6.97804e-16 -9.052946419392971e-16 1.9535381805902846e-15 -2.50732 -0.136125 0.13069 -0.02700590120695849 0.13362854859647302 0.0
"3HWC J0633+191" 98.4375 19.1155 193.91599771000259 4.846518989078212 0.2819246030540692 0.0 27.512647562500003 4.81684e-15 -6.61631e-16 6.66805e-16 -7.009894615156498e-16 1.2944428711441838e-15 -2.63937 -0.149044 0.144903 -0.019758307113718204 0.0954024873889564 0.0
"3HWC J0634+067" 98.6572 6.72981 205.02943787433315 -0.6492596234276837 0.2191839948225168 0.5 36.2147593369 8.98151e-15 -1.38586e-15 1.33991e-15 -1.231697573351916e-15 2.7296877999143064e-15 -2.265 -0.101621 0.0951234 -0.009371888817095704 0.08550442386216031 0.5
"3HWC J0634+165" 98.5254 16.5293 196.26225792781753 3.741289785562531 0.10904315512097477 0.0 29.963143299600002 5.007e-15 -7.67906e-16 6.94874e-16 -8.093663554287394e-16 1.6445167382851406e-15 -2.51958 -0.223853 0.194556 -0.0276144636015258 0.1278526855408209 0.0
"3HWC J0634+180" 98.7451 18.053 194.99853022250207 4.622867895676509 0.09291951333101421 0.0 60.0336734596 7.29972e-15 -7.10434e-16 7.10606e-16 -1.0677444171635824e-15 2.2165527452068456e-15 -2.47255 -0.105496 0.10209 -0.015206281596761363 0.11440262322167277 0.0
"3HWC J0659+147" 104.854 14.7474 200.6046777537886 8.396874179679566 0.12180069728677574 0.0 28.836255603599998 nan nan nan nan nan nan nan nan nan nan nan
"3HWC J0702+147" 105.557 14.7474 200.90503638695603 9.008458135230764 0.19415810466368053 0.0 28.947950908899998 3.5983e-15 -1.26305e-15 1.08336e-15 -5.090392576216496e-16 1.923080390155336e-15 -1.99337 -0.244103 0.192236 -0.017382916901371972 0.18305236873638092 0.0
"3HWC J1104+381" 166.113 38.1585 179.94535262389425 65.04672823773043 0.057285122044096796 0.0 3025.28600676 6.94382e-14 -1.33052e-15 1.33933e-15 -1.1417705568212902e-14 1.655937414585467e-14 -3.03623 -0.0118083 0.0117891 -0.02446517116228735 0.060214226724254506 0.0
"3HWC J1654+397" 253.521 39.7413 63.580758539696895 38.816517824165665 0.08552101007156451 0.0 227.78959329000003 2.00005e-14 -1.03931e-15 1.04346e-15 -3.2381461799152928e-15 5.260758975898817e-15 -2.90711 -0.0397157 0.0397035 -0.023990500203205305 0.06424778206288533 0.0
"3HWC J1739+099" 264.99 9.93472 33.8929338579342 20.344658199902295 0.06389566126716556 0.0 28.210545049599997 3.27683e-15 -7.8521e-16 8.11231e-16 -5.590265876405166e-16 1.421128506219265e-15 -1.98266 -0.141275 0.132323 -0.022670796192458882 0.12118924828548085 0.0
"3HWC J1743+149" 265.825 14.9403 39.13370185966307 21.682571413299353 0.10003791209140449 0.0 25.897717440400005 4.03814e-15 -7.51117e-16 7.19547e-16 -6.16294463625952e-16 1.3028754032508254e-15 -2.3704 -0.159415 0.148981 -0.016554703259194926 0.07749076654673133 0.0
"3HWC J1757-240" 269.297 -24.092 5.485670335334923 0.25169776035413155 0.47976472068964265 1.0 28.6193970841 7.2015e-14 -1.12686e-14 1.09432e-14 -9.163494956074347e-15 1.7580059549387206e-14 -2.80227 -0.108764 0.106043 -0.033384035106619456 0.06660888679448092 1.0
"3HWC J1803-211" 270.967 -21.1818 8.77704605857123 0.35832673679393207 0.2725539674766247 0.0 38.415451920399995 2.79263e-14 -5.66352e-15 5.41273e-15 -4.410240752714075e-15 1.032490942850832e-14 -2.58935 -0.137288 0.13271 -0.03668065021233956 0.08554497647436715 0.0
"3HWC J1809-190" 272.461 -19.0366 11.33393817750925 0.17889446010177934 0.08146166277578235 0.0 264.82354755999995 6.80233e-14 -4.45658e-15 4.40177e-15 -9.706132543855969e-15 2.451105815441064e-14 -2.58931 -0.0476004 0.0471956 -0.025986663887462885 0.09337142282304609 0.0
"3HWC J1813-125" 273.34 -12.521 17.455980062208344 2.569547306878516 0.14139771426911998 0.0 51.884793672099995 1.98524e-14 -1.97436e-15 1.984e-15 -3.075874730479118e-15 5.853394033174259e-15 -2.808 -0.0995795 0.100179 -0.029794677377007896 0.0927352888602825 0.0
"3HWC J1813-174" 273.428 -17.4654 13.153160416368372 0.1296433616891893 0.06376531043243577 0.0 415.996816 7.40318e-14 -4.01262e-15 3.9699e-15 -1.0736515771534083e-14 2.670650196922839e-14 -2.54238 -0.039891 0.0395909 -0.022970912041101254 0.08834667792282835 0.0
"3HWC J1819-150" 274.79 -15.0948 15.86023092193062 0.10740389309406256 0.14186413297585432 0.0 93.8094913809 3.39129e-14 -2.51939e-15 2.54073e-15 -5.422553078956444e-15 1.0321546057354973e-14 -2.89561 -0.0745325 0.0753496 -0.0326699097029667 0.1005643092752098 0.0
"3HWC J1825-134" 276.46 -13.4014 18.11538855267712 -0.5264015036122983 0.05743602897162013 0.0 2212.479369 1.254e-13 -3.41121e-15 3.39361e-15 -1.8277488312128664e-14 5.3123748041718605e-14 -2.35473 -0.0194172 0.0193223 -0.015231621712739623 0.11097995629842339 0.0
"3HWC J1831-095" 277.866 -9.59407 22.126976599872663 0.022106274469584682 0.1416896446961859 0.0 237.69313928999998 3.3815e-14 -1.87182e-15 1.84267e-15 -5.253296436524404e-15 1.2190682767589354e-14 -2.60749 -0.0574461 0.0572916 -0.026083736312115805 0.1243791919896574 0.0
"3HWC J1837-066" 279.404 -6.61714 25.47056243522451 0.04239008017571728 0.0574854835556638 0.0 1542.7062952899998 8.19072e-14 -1.72434e-15 1.72882e-15 -1.3232796405839542e-14 2.5211833674653655e-14 -2.72943 -0.0218924 0.0219511 -0.031144058823473788 0.10866534636212255 0.0
"3HWC J1843-034" 280.986 -3.4712 28.988815917718807 0.0821744771217642 0.05792782201553183 0.0 876.56260624 4.72494e-14 -1.58572e-15 1.56695e-15 -7.246738194774257e-15 1.962643501590648e-14 -2.35659 -0.031196 0.0311909 -0.01828350622829281 0.1430049604034766 0.0
"3HWC J1844-001" 281.074 -0.18651 31.951535395510483 1.503915724843245 0.15212509111086284 0.0 33.178406404899995 7.4341e-15 -9.5998e-16 9.62453e-16 -1.260868728060142e-15 2.3753945510588344e-15 -2.76466 -0.124353 0.122399 -0.025832318904813946 0.1237148952228467 0.0
"3HWC J1847-017" 281.953 -1.75346 30.9580914865657 0.006918527635089001 0.08662755723896945 0.0 338.12957689 2.77392e-14 -1.33231e-15 1.31406e-15 -5.134439757792468e-15 8.407503360475092e-15 -2.86872 -0.0443531 0.0443712 -0.03919586585342919 0.1040902257659188 0.0
"3HWC J1849+001" 282.349 0.149208 32.83194845097951 0.5223552763604106 0.058926550434770936 0.0 427.53005824 2.3544e-14 -1.42481e-15 1.40465e-15 -3.89334737982626e-15 1.1600516313940514e-14 -2.17163 -0.0438878 0.0433589 -0.014866875932757222 0.1643964844514625 0.0
"3HWC J1852+013" 283.052 1.34299 34.21496880868591 0.44103499623067083 0.08948224341106666 0.0 126.66827208999999 1.45411e-14 -1.05523e-15 1.03708e-15 -2.6444673910071216e-15 4.37554036001269e-15 -2.78695 -0.078276 0.077652 -0.03889027513402286 0.1258856024333204 0.0
"3HWC J1857+027" 284.326 2.79876 36.091238677695856 -0.027806201113628713 0.05860113040282032 0.0 763.5274240000001 3.59053e-14 -1.24296e-15 1.23992e-15 -6.4691452496369274e-15 1.0210501624352251e-14 -2.82619 -0.0297514 0.0296623 -0.03496268010321853 0.09928240478554096 0.0
"3HWC J1857+051" 284.326 5.19207 38.220797236539056 1.0646322701284838 0.10845523320613847 0.0 35.316277562500005 5.89303e-15 -1.02891e-15 9.97251e-16 -1.1939495934540122e-15 1.7579700629444742e-15 -3.03382 -0.123016 0.124472 -0.04006194952819951 0.09053031646912549 0.0
"3HWC J1907+085" 286.787 8.57411 42.346401007042765 0.4414079384381208 0.08902620881011057 0.0 75.45754075689999 8.35587e-15 -9.70496e-16 9.43263e-16 -1.5806044978010797e-15 2.4641288428304628e-15 -2.94932 -0.090738 0.0905403 -0.0402095983566119 0.08522843128909467 0.0
"3HWC J1908+063" 287.051 6.39188 40.52949688877524 -0.7953831135183328 0.057893237302876294 0.0 1320.87906721 4.4726e-14 -1.38013e-15 1.36428e-15 -7.0580848592235025e-15 2.073591394416943e-14 -2.12311 -0.0254258 0.0254432 -0.0208142499264328 0.17602940265762423 0.0
"3HWC J1912+103" 288.062 10.3516 44.503681679361534 0.14596168168264448 0.08517765461886542 0.0 198.24921601 1.45222e-14 -9.38372e-16 9.33106e-16 -2.6425424477953043e-15 4.3671953893087974e-15 -2.84838 -0.0514716 0.0512751 -0.03313958056463619 0.08572808816251497 0.0
"3HWC J1913+048" 288.325 4.85506 39.750428447541815 -2.6291914639453644 0.1318318961520588 0.0 44.67919806249999 6.83878e-15 -9.91148e-16 9.35494e-16 -1.0972184996544673e-15 2.8066146188573882e-15 -2.37239 -0.131861 0.12721 -0.031596866933289926 0.1425651058288805 0.0
"3HWC J1914+118" 288.677 11.8722 46.13071403719902 0.3168058468799077 0.09082719771823568 0.0 102.93117025000001 9.52354e-15 -9.97053e-16 9.48871e-16 -1.8682370040805857e-15 2.9477068068273006e-15 -2.87525 -0.0983253 0.0955514 -0.05118664767300138 0.09731879880064298 0.0
"3HWC J1915+164" 288.765 16.4126 50.19272129603271 2.3498521018568352 0.10395433328365784 0.0 27.4721691321 4.64785e-15 -6.53902e-16 6.62093e-16 -6.836255960136368e-16 1.396719878402609e-15 -2.60106 -0.134736 0.132831 -0.014852336516521458 0.0709628163195349 0.0
"3HWC J1918+159" 289.688 15.9077 50.158718577176735 1.3301968998485607 0.11423285327402243 0.0 31.5556321536 5.05052e-15 -7.23213e-16 6.94949e-16 -8.046566337289466e-16 1.7585465848546632e-15 -2.49227 -0.168665 0.152796 -0.02420862449624078 0.13326897613473276 0.0
"3HWC J1920+147" 290.171 14.7859 49.386036873612994 0.3929209865143418 0.10174172472981383 0.0 55.4019705625 5.9869e-15 -9.79615e-16 9.30667e-16 -1.3389793066362159e-15 2.0005112750244618e-15 -2.97544 -0.126236 0.125215 -0.04579404983182837 0.11127872213500692 0.0
"3HWC J1922+140" 290.698 14.0926 49.014674901987476 -0.3837475287545433 0.06217476721218437 0.0 176.58423225 1.29663e-14 -7.6593e-16 7.69855e-16 -2.0437832754233012e-15 3.7366937975836335e-15 -2.62464 -0.0617501 0.061202 -0.023105482033491127 0.08972870945243822 0.0
"3HWC J1923+169" 290.786 16.9578 51.58074547802973 0.8938453420867261 0.10384083264696438 0.0 46.1284114041 5.16891e-15 -8.38254e-16 8.23596e-16 -9.19531123171478e-16 1.42564988099498e-15 -3.06638 -0.101391 0.104929 -0.025834531155026097 0.07325324907469942 0.0
"3HWC J1928+178" 292.104 17.8177 52.9348626827506 0.1953246088657993 0.0841863281991327 0.0 216.70195264000003 1.36465e-14 -9.00386e-16 8.63169e-16 -2.1411660217040618e-15 5.34102366054486e-15 -2.30466 -0.0715551 0.0703717 -0.02269682356630576 0.16953167196721664 0.0
"3HWC J1930+188" 292.544 18.8394 54.03181866269674 0.3179297228507438 0.08739810379632207 0.0 115.61840675999998 1.01857e-14 -7.82636e-16 7.80664e-16 -1.701105761879608e-15 2.9476951869045085e-15 -2.76059 -0.066216 0.0652029 -0.027235487878868616 0.08531788675301301 0.0
"3HWC J1935+213" 293.95 21.3819 56.89572472298774 0.3912969268360396 0.12441025280973232 0.0 26.214707200899998 4.44106e-15 -6.88821e-16 6.70906e-16 -6.910287859677045e-16 1.2957453051182558e-15 -2.73471 -0.156797 0.159898 -0.026185610552362744 0.07520420799396772 0.0
"3HWC J1936+223" 294.082 22.3063 57.76267485813427 0.7348066115485584 0.10775372999834885 0.0 28.2241437696 4.11868e-15 -1.21437e-15 9.09942e-16 -1.1547909550321222e-15 1.4520820507202747e-15 -2.91277 -0.30006 0.269779 -0.10564338739362733 0.19745069941633542 0.0
"3HWC J1937+193" 294.39 19.313 55.29146050312156 -0.9787543872734171 0.1266006360939512 0.0 25.228620296099997 4.18783e-15 -7.80514e-16 7.33524e-16 -7.976667732762852e-16 1.2307953625964797e-15 -2.89869 -0.15881 0.155725 -0.035519253933606686 0.08763824564652091 0.0
"3HWC J1940+237" 295.049 23.7655 59.47087193160663 0.6747502788786671 0.3581703832503557 0.0 27.227941441600002 4.00789e-15 -7.96778e-16 7.99117e-16 -7.55887768601265e-16 1.134252432010177e-15 -3.14054 -0.114078 0.118363 -0.03476597618361942 0.06756799020246201 0.0
"3HWC J1950+242" 297.686 24.2556 61.102249389228916 -1.1640752078120828 0.10919867595264064 0.0 25.100801404899997 4.26146e-15 -7.24199e-16 6.77604e-16 -6.785321407391098e-16 1.5060769320044717e-15 -2.4904 -0.193258 0.179036 -0.018352743664095686 0.14927877980476628 0.0
"3HWC J1951+266" 297.905 26.6101 63.22817150116562 -0.13260413433413729 0.6100974995861171 0.5 35.6018668929 8.45752e-15 -1.26617e-15 1.17807e-15 -1.2957719495744608e-15 2.580223869338474e-15 -2.36102 -0.129284 0.124637 -0.015677997321086636 0.1106912769824252 0.5
"3HWC J1951+293" 297.993 29.3988 65.66456632148567 1.2266905821325733 0.13774125354996847 0.0 68.74847476090001 7.85466e-15 -7.81147e-16 7.72758e-16 -1.238331283807366e-15 2.726923588158642e-15 -2.46867 -0.0961381 0.0932646 -0.020351267773777625 0.10478249901581867 0.0
"3HWC J1954+286" 298.696 28.631 65.32195948919086 0.3046874216205936 0.14230363407868024 0.0 48.34977156 6.41974e-15 -7.96147e-16 7.66391e-16 -9.919318481508696e-16 2.439186983848512e-15 -2.4189 -0.124669 0.120165 -0.01792304940572297 0.14934561024683685 0.0
"3HWC J1957+291" 299.355 29.1849 66.09481522397733 0.09901782162167358 0.09790138082471027 0.0 41.0224878144 6.2472e-15 -7.39339e-16 7.36739e-16 -9.910830089351748e-16 2.0825351183833615e-15 -2.53562 -0.135591 0.129279 -0.02175727694358896 0.11196606852077973 0.0
"3HWC J2005+311" 301.465 31.1699 68.74421481094123 -0.39832435910498265 0.12066169033429422 0.0 33.08665441000001 5.59681e-15 -7.30673e-16 7.3335e-16 -8.91907473150102e-16 1.7670449395702985e-15 -2.57508 -0.129898 0.126571 -0.01770829466662408 0.10511231849788134 0.0
"3HWC J2006+340" 301.729 34.0036 71.25236731397277 0.93917696407282 0.13740978868026751 0.0 67.43053879210001 8.47941e-15 -8.52145e-16 8.2542e-16 -1.4832415135712044e-15 3.1000205900737184e-15 -2.55548 -0.126662 0.12372 -0.029654711261451056 0.15272450949340108 0.0
"3HWC J2010+345" 302.695 34.5453 72.14074721389515 0.5629440730923078 0.16505498551049516 0.0 27.576361742399996 5.39509e-15 -8.68263e-16 8.51855e-16 -9.398862942297858e-16 1.5440134170663805e-15 -2.91346 -0.12501 0.125708 -0.02812909703492119 0.09818474321400424 0.0
"3HWC J2019+367" 304.937 36.7953 75.0235007842706 0.30050410855262505 0.060771691239490215 0.0 1227.45823201 3.47255e-14 -1.3335e-15 1.33199e-15 -5.698060548335727e-15 1.7776450524007874e-14 -2.04431 -0.0245201 0.0243816 -0.017061480006142094 0.15502754884213324 0.0
"3HWC J2020+403" 305.156 40.3749 78.07198896706655 2.185908259900182 0.08837891300947304 0.0 93.94164852249999 1.14202e-14 -1.20646e-15 1.19421e-15 -2.1896922090787097e-15 3.367377124766395e-15 -3.11105 -0.0746828 0.0748173 -0.03622964255964993 0.08133180558674423 0.0
"3HWC J2022+431" 305.522 43.158 80.52161686776422 3.5404178358254796 0.09548525770138865 0.0 28.9513944225 5.95278e-15 -1.10641e-15 1.10381e-15 -8.618791885084588e-16 2.197317769914948e-15 -2.33613 -0.120899 0.115477 -0.01668836121373176 0.09665495693444826 0.0
"3HWC J2023+324" 305.815 32.4429 71.85383970744738 -2.7695393221447073 0.7316724149761062 1.0 30.700021377599995 1.37889e-14 -1.99846e-15 1.89294e-15 -2.135001110561772e-15 3.1507998940110448e-15 -2.6957 -0.122088 0.127163 -0.026424259686886227 0.060326580377143744 1.0
"3HWC J2031+415" 307.925 41.5107 80.20977503863281 1.138121516886047 0.058001280538630746 0.0 556.85144529 3.0712e-14 -1.36347e-15 1.3453e-15 -4.8646235342521645e-15 1.3114706785894984e-14 -2.36229 -0.038503 0.0382498 -0.01878640465868831 0.13614011164972678 0.0
"3HWC J2043+443" 310.888 44.3007 83.7444197246352 1.0978559054454118 0.24110961619549764 0.5 28.5980022441 9.67314e-15 -2.18971e-15 2.05703e-15 -1.4864170514011195e-15 3.918199722818633e-15 -2.33434 -0.149655 0.139762 -0.015255038511914629 0.11163772167148497 0.5
"3HWC J2227+610" 336.962 61.0482 106.42174578621707 2.86628030851553 0.194069828418056 0.0 52.5026320569 3.08059e-14 -5.81739e-15 5.87416e-15 -4.1126982648986096e-15 1.3102543159558756e-14 -2.42778 -0.102271 0.0971515 -0.021669616978617516 0.10307948874533707 0.0
